predictions
cheese
pepper
ginger
and
with
and
five
i
and
american
balsamic
american
pizza
a
balsamic
roasted
and
and
sprite
pepper
like
a
party
diet
'd
i
pizzas
pizzas
just
pepper
with
party
party
and
pie
and
party
i
pizzas
and
pies
and
and
pie
ice
pizzas
ginger
no
i
pizza
pepper
and
ice
</s>
ginger
</s>
with
pepper
pie
sprite
ounce
20
in
cheese
and
like
-
have
i
also
crust
sized
party
no
green
pepper
of
cheese
party
i
party
and
a
i
american
peperonni
party
pepper
of
i
ounce
and
one
sprite
a
american
and
and
also
diet
and
with
with
with
sized
with
a
'd
and
any
also
teas
also
extra
i
no
sprite
i
sprite
like
sized
a
and
with
with
roasted
with
and
and
a
i
party
like
i
and
sized
and
a
pizza
any
american
have
five
roasted
i
roasted
pizzas
mozzarella
pizza
a
pizzas
and
with
balsamic
ounce
glaze
bit
glaze
sprite
a
with
party
diet
with
i
and
pellegrinos
with
20
tea
american
with
bit
and
balsamic
pizzas
thin
thin
pizza
and
coke
glaze
tea
i
roasted
like
a
peperonni
and
roasted
tea
with
pepper
fantas
bit
ice
a
american
bit
pizzas
pies
bit
ounce
like
and
and
i
like
i
like
no
and
three
party
one
pizzas
i
sized
a
like
no
tea
with
pizza
and
with
balsamic
of
peperonni
</s>
and
a
cheese
ginger
and
three
with
cheese
three
like
sprite
like
pizzas
a
like
500
i
with
any
pecorino
i
sized
no
three
and
crust
pizza
i
american
american
with
like
i
three
pizzas
mozzarella
five
green
any
and
five
pizzas
cheese
of
with
like
with
a
little
extra
pizzas
diet
and
ice
american
roasted
pie
like
sprite
i
ounce
glaze
sprite
i
ice
sized
fl
have
20
</s>
have
with
pecorino
with
american
a
and
with
pizzas
with
with
roasted
and
like
</s>
ice
200
and
with
pies
four
sprite
pizzas
-
sprite
and
</s>
three
no
sized
party
and
fantas
roasted
three
a
a
pizza
sized
roasted
thin
a
with
pizza
little
party
i
thin
i
sized
i
with
thin
seven
green
i
sprite
pizzas
with
and
i
american
and
and
ounce
pie
pizza
and
fl
ounce
-
seven
a
ale
pizza
and
'd
balsamic
500
with
with
have
party
cheese
with
bit
american
american
i
also
three
and
i
have
ups
pie
with
pepper
like
ounce
'd
four
pizza
of
i
and
of
party
i
cheese
any
with
party
a
diet
roasted
with
i
i
crust
and
pizzas
a
balsamic
pepper
and
pie
pizza
sized
with
pepper
i
bit
a
with
with
just
and
tea
with
with
diet
and
of
pie
pizzas
three
and
and
a
pizzas
balsamic
and
thin
</s>
no
party
and
with
tea
american
sprite
a
medium
with
with
</s>
i
i
</s>
five
five
pecorino
and
sauce
a
ale
with
red
cheese
three
pies
pecorino
with
pies
three
four
pizzas
american
i
balsamic
with
and
medium
i
like
and
american
and
sprite
party
no
with
pizzas
roasted
party
pizzas
three
i
three
i
of
diet
just
sprite
and
pepper
five
with
i
four
cheese
500
i
i
'd
and
pizzas
american
one
with
i
with
pie
glaze
pepper
a
pizzas
and
roasted
pizzas
and
little
three
like
party
a
pizzas
of
ups
with
with
and
i
a
cheese
balsamic
pizza
ounce
i
pepper
500
and
three
sauce
sized
i
a
and
ounce
green
with
pizza
and
i
a
pizzas
pizza
a
with
pizzas
and
i
pizza
i
with
ounce
sprites
pepper
pizza
seven
roasted
pizzas
pizza
american
with
like
</s>
i
american
and
and
and
i
a
pepper
a
crust
</s>
cheese
thin
with
</s>
four
pepper
with
with
and
pie
medium
party
pepper
500
without
have
with
pie
pie
</s>
and
and
cheese
and
</s>
four
liter
liter
a
party
pies
diet
and
one
</s>
american
pepper
pecorino
and
with
and
of
and
a
with
thin
ale
i
with
</s>
pies
and
</s>
ice
with
with
with
a
a
with
'd
sprites
san
sprite
sprite
american
i
i
a
with
i
and
pecorino
and
roasted
and
teas
a
of
like
i
like
and
like
</s>
pepper
teas
sized
five
and
pepper
pie
i
</s>
three
like
ounce
banana
i
with
</s>
sized
one
a
i
balsamic
large
a
pies
pizzas
pepper
peperonni
and
and
a
american
ounce
party
party
and
two
with
500
cheese
a
a
crust
pepper
pizzas
i
and
pizza
american
a
ginger
</s>
a
i
pizza
yellow
sprites
ice
20
american
a
diet
with
pie
a
with
one
and
sized
pie
roasted
of
sprite
roasted
pizzas
party
and
i
and
three
</s>
ounce
with
and
and
pepper
diet
five
and
with
pizzas
and
with
ginger
and
with
pepper
and
i
a
little
pie
pepper
i
pie
one
with
with
i
20
and
and
peperonni
pies
a
party
like
pepper
diet
with
pizzas
a
a
i
banana
party
with
ups
american
pepper
and
pies
american
no
green
of
and
the
pepper
500
party
pizza
like
</s>
sized
i
fantas
san
a
and
diet
and
with
pepper
and
with
pizzas
like
with
pizza
and
four
pepper
any
pizza
and
pizza
cheese
red
i
a
one
with
milliliter
party
i
fl
</s>
glaze
ale
pizzas
</s>
with
roasted
and
i
party
and
and
american
like
ounce
ups
without
a
20
two
bit
like
</s>
like
i
cheese
sized
and
a
and
pizzas
i
sized
and
pies
i
i
pie
with
american
party
a
ale
</s>
roasted
with
little
with
lemon
party
i
party
party
i
cheese
like
a
teas
cans
ice
like
with
pizzas
i
and
sized
party
crust
and
little
ice
pies
pepper
party
i
just
cheese
cheese
pizzas
500
a
any
american
a
no
a
a
a
i
</s>
i
pizza
pizzas
pizzas
roasted
and
cheese
pizzas
i
and
any
tea
500
pies
i
like
and
american
also
i
</s>
a
</s>
i
ginger
with
roasted
ups
balsamic
cheese
american
balsamic
pecorino
pies
i
any
a
roasted
ounce
cheese
